top1: 0.09375
top3: 0.15625
top5: 0.1875
top10: 0.34375
