top1: 0.36363636363636365
top3: 0.5454545454545454
top5: 0.5454545454545454
top10: 0.6363636363636364
