top1: 0.203125
top3: 0.234375
top5: 0.265625
top10: 0.40625
