top1: 0.36363636363636365
top3: 0.45454545454545453
top5: 0.6363636363636364
top10: 0.8181818181818182
