top1: 0.046875
top3: 0.09375
top5: 0.140625
top10: 0.140625
