top1: 0.18181818181818182
top3: 0.2727272727272727
top5: 0.36363636363636365
top10: 0.36363636363636365
