top1: 0.078125
top3: 0.09375
top5: 0.140625
top10: 0.203125
