top1: 0.09375
top3: 0.1875
top5: 0.28125
top10: 0.375
