top1: 0.09090909090909091
top3: 0.45454545454545453
top5: 0.5454545454545454
top10: 0.5454545454545454
