top1: 0.2727272727272727
top3: 0.2727272727272727
top5: 0.2727272727272727
top10: 0.36363636363636365
