top1: 0.046875
top3: 0.078125
top5: 0.109375
top10: 0.140625
