top1: 0.125
top3: 0.203125
top5: 0.21875
top10: 0.25
