top1: 0.09090909090909091
top3: 0.18181818181818182
top5: 0.2727272727272727
top10: 0.36363636363636365
