top1: 0.046875
top3: 0.09375
top5: 0.09375
top10: 0.171875
