top1: 0.078125
top3: 0.15625
top5: 0.171875
top10: 0.265625
