top1: 0.18181818181818182
top3: 0.2727272727272727
top5: 0.2727272727272727
top10: 0.5454545454545454
