top1: 0.09090909090909091
top3: 0.09090909090909091
top5: 0.09090909090909091
top10: 0.09090909090909091
